# rmsd2ref '--rmsd' 'name == "CA"' '--target' 'first.pdb' 'namd.psf' 'sim4_1ns.dcd' - alan (Fri Sep 15 14:26:31 2017) {/home/alan/tmp/rhod} [2.3.3-beta 170907]
0	0.000489988
1	1.51124
2	1.71495
3	2.02971
4	2.12385
5	1.99897
6	1.82035
7	1.89111
8	2.27731
9	2.31124
10	2.21824
11	2.33638
12	2.46668
13	2.78957
14	2.60266
15	2.62664
16	2.57053
17	2.4288
18	2.5328
19	2.63038
20	2.56462
21	2.57627
22	2.6588
23	2.89813
24	2.63515
25	3.24489
26	3.20881
27	2.81843
28	2.76871
29	2.65761
30	2.96403
31	2.9965
32	2.97661
33	3.11336
34	3.30343
35	3.46669
36	3.59924
37	3.40397
38	3.58393
39	3.65717
40	3.4954
41	3.66933
42	3.50355
43	3.29605
44	3.58324
45	4.00504
46	3.94547
47	3.71848
48	3.77623
49	3.913
50	4.14733
51	3.58673
52	3.8265
53	3.53837
54	3.52547
55	3.78683
56	3.88239
57	3.74859
58	4.20381
59	3.83736
60	3.95462
61	3.90884
62	3.5226
63	4.1421
64	3.81531
65	3.46022
66	3.99949
67	3.69761
68	3.43297
69	3.36662
70	3.43502
71	3.45308
72	3.35501
73	3.53053
74	3.28288
75	3.43062
76	3.48958
77	3.60772
78	3.40678
79	3.60842
80	3.6913
81	3.49893
82	3.84575
83	3.66959
84	3.3706
85	3.69191
86	3.89461
87	3.71427
88	3.71211
89	3.55803
90	3.72492
91	3.80992
92	3.5629
93	3.96083
94	3.85816
95	4.08609
96	3.89268
97	3.82919
98	3.81536
99	3.68025
100	3.71969
101	3.78673
102	3.93092
103	4.20229
104	4.32775
105	4.34527
106	4.11972
107	3.88266
108	3.96129
109	4.23945
110	3.90184
111	4.38699
112	4.34876
113	4.38732
114	3.96233
115	3.98214
116	4.36228
117	4.35085
118	4.22722
119	3.95297
120	4.08554
121	3.95213
122	4.22121
123	4.06018
124	4.3711
125	4.34994
126	4.06492
127	4.24429
128	4.42875
129	4.57908
130	4.1303
131	4.02703
132	3.95955
133	4.26084
134	4.37479
135	4.71763
136	5.04569
137	4.74645
138	4.62708
139	4.24388
140	4.42467
141	4.25834
142	4.55193
143	4.39982
144	4.51477
145	4.59345
146	4.54808
147	4.24072
148	4.3897
149	4.47086
150	4.61392
151	4.29855
152	4.18144
153	4.44748
154	4.5189
155	4.31817
156	4.37096
157	4.15615
158	3.96129
159	4.57227
160	4.10681
161	4.20938
162	3.93623
163	4.49443
164	4.55823
165	4.56281
166	4.62951
167	4.45065
168	4.83862
169	5.00826
170	5.09947
171	5.13398
172	4.5979
173	4.89748
174	4.78631
175	5.01304
176	5.25674
177	4.89044
178	4.84214
179	4.55497
180	4.9038
181	4.76054
182	4.50618
183	4.89653
184	4.75131
185	4.73827
186	4.8999
187	5.06163
188	4.91756
189	4.62627
190	4.24368
191	4.20352
192	4.29679
193	4.68327
194	4.38399
195	4.05474
196	4.2794
197	4.44665
198	3.94044
199	4.08805
200	4.60102
201	4.60702
202	4.24879
203	4.4877
204	4.25693
205	4.08007
206	4.15729
207	4.56209
208	4.1844
209	4.64454
210	4.64383
211	4.32276
212	4.34837
213	4.36219
214	4.23418
215	3.9732
216	4.16355
217	4.29828
218	4.04608
219	4.2214
220	4.07733
221	4.43765
222	4.11134
223	4.16928
224	4.35652
225	4.36439
226	4.57022
227	4.2316
228	4.09772
229	3.99145
230	4.32591
231	4.05271
232	3.90461
233	4.07714
234	4.09772
235	3.91659
236	3.89648
237	3.6252
238	4.01438
239	3.8394
240	3.62125
241	3.9562
242	4.09077
243	4.04732
244	4.29821
245	4.31666
246	4.29926
247	4.03559
248	4.00002
249	3.9355
250	3.91689
251	3.66112
252	3.34037
253	3.41884
254	3.71826
255	3.56959
256	3.57253
257	3.68757
258	3.88813
259	4.13406
260	3.90924
261	4.25537
262	4.35243
263	4.28577
264	4.2863
265	4.18358
266	4.37286
267	3.99534
268	4.14081
269	4.40632
270	4.51363
271	4.15499
272	4.42546
273	3.95772
274	4.03058
275	4.16083
276	4.20476
277	4.12385
278	4.61315
279	4.22631
280	4.07691
281	4.12589
282	4.23104
283	3.92618
284	4.02517
285	4.1517
286	3.77204
287	4.02866
288	4.3145
289	3.93809
290	4.14594
291	4.30584
292	4.17211
293	4.30734
294	3.80141
295	4.04487
296	3.91808
297	4.45707
298	4.03341
299	4.33734
300	4.35442
301	4.1962
302	4.11975
303	4.30175
304	4.30137
305	4.27074
306	4.04229
307	4.19343
308	4.29035
309	4.03556
310	4.17389
311	4.04135
312	4.19272
313	4.33925
314	4.53783
315	4.42013
316	4.50777
317	4.27378
318	4.36864
319	4.21329
320	4.25291
321	4.18534
322	4.29312
323	4.30695
324	4.57791
325	4.15421
326	4.23924
327	4.47479
328	4.19672
329	4.18098
330	4.0164
331	4.63611
332	4.30653
333	4.13008
334	4.17306
335	4.07087
336	4.47622
337	4.23125
338	4.11081
339	4.16053
340	4.24142
341	4.30498
342	3.97944
343	4.33185
344	4.03352
345	4.33017
346	4.07685
347	4.09368
348	3.63771
349	3.69898
350	4.02738
351	3.70626
352	3.60324
353	4.13992
354	3.62734
355	4.15386
356	4.11324
357	4.21053
358	3.99543
359	3.87047
360	4.00437
361	4.02024
362	4.20972
363	4.13279
364	4.18176
365	4.02813
366	3.97063
367	4.11679
368	4.09521
369	3.99363
370	4.07968
371	3.86613
372	3.98389
373	4.32976
374	4.39334
375	4.08862
376	4.29263
377	4.22707
378	4.215
379	4.0681
380	4.36958
381	4.4077
382	3.90065
383	3.91762
384	4.33793
385	4.59684
386	4.81969
387	4.73477
388	5.02907
389	4.48227
390	4.58646
391	4.593
392	4.60916
393	4.57817
394	4.56028
395	4.63985
396	4.70124
397	4.76975
398	4.68732
399	4.72373
400	4.72009
401	4.56954
402	4.26061
403	4.54854
404	4.55335
405	4.49899
406	5.16562
407	4.7001
408	5.08995
409	4.80678
410	4.5684
411	5.00386
412	4.44636
413	4.61479
414	4.42473
415	4.67445
416	4.47112
417	4.98544
418	4.54139
419	4.42848
420	4.3264
421	4.36458
422	4.56583
423	4.18477
424	4.18016
425	4.37529
426	4.22025
427	4.33126
428	4.34888
429	4.33055
430	4.22753
431	4.4119
432	4.00192
433	4.22854
434	4.13236
435	4.47117
436	4.08686
437	4.11727
438	3.98631
439	4.24066
440	4.03975
441	3.95868
442	3.78599
443	4.20361
444	3.85082
445	4.15624
446	3.8862
447	4.05166
448	4.05714
449	3.87069
450	4.06428
451	4.2862
452	4.32442
453	4.26139
454	4.45367
455	4.23703
456	4.08421
457	4.19351
458	3.9757
459	3.96744
460	4.11025
461	4.17698
462	3.92776
463	4.12907
464	4.30216
465	4.49048
466	4.62711
467	4.66598
468	4.38071
469	4.24088
470	4.43399
471	4.23896
472	4.30475
473	3.91041
474	4.09055
475	3.61391
476	4.08177
477	4.04929
478	3.87987
479	3.8978
480	3.78094
481	4.21433
482	4.20685
483	4.26466
484	4.68243
485	4.00689
486	4.28276
487	4.38953
488	3.9149
489	4.56355
490	4.43971
491	4.19088
492	4.51063
493	4.69612
494	4.71818
495	4.14991
496	4.14969
497	4.35763
498	4.39884
499	4.1273
500	4.05971
501	4.08173
502	4.25165
503	4.3168
504	4.54529
505	4.38949
506	4.29742
507	4.32302
508	4.54009
509	4.3452
510	4.40893
511	4.23138
512	4.13469
513	4.31292
514	4.11675
515	3.7206
516	4.07542
517	3.86107
518	3.86857
519	4.25641
520	3.65413
521	3.83668
522	4.3089
523	4.55074
524	4.37163
525	4.70245
526	4.42239
527	4.66689
528	4.46374
529	4.58275
530	4.63684
531	4.46267
532	4.11854
533	4.06065
534	4.58472
535	4.4416
536	4.64599
537	4.78704
538	4.72607
539	4.51872
540	4.82253
541	4.31342
542	4.25058
543	4.13003
544	4.8835
545	4.60825
546	4.58318
547	4.74417
548	4.76782
549	4.26706
550	4.68634
551	4.53219
552	4.40886
553	4.20469
554	4.25394
555	4.29216
556	4.0623
557	4.02236
558	4.13162
559	4.34802
560	4.0654
561	3.82478
562	3.94438
563	4.12001
564	4.20718
565	3.94862
566	4.11309
567	4.23336
568	3.66021
569	4.12029
570	4.30442
571	3.84845
572	4.10993
573	4.28026
574	4.33469
575	4.2663
576	4.10731
577	4.26511
578	4.33069
579	4.3527
580	4.57381
581	4.14315
582	4.42974
583	4.45967
584	4.2259
585	4.56466
586	4.04587
587	4.17014
588	4.1276
589	3.83085
590	3.8117
591	4.00183
592	4.07676
593	4.41915
594	4.34244
595	4.6669
596	4.35878
597	4.01756
598	4.36563
599	4.48572
600	3.89897
601	4.43885
602	4.13354
603	4.10806
604	4.00509
605	4.13961
606	3.7712
607	3.72383
608	3.76928
609	3.69063
610	3.90676
611	3.97219
612	4.13944
613	4.20399
614	4.02819
615	4.44944
616	3.95735
617	4.21689
618	4.0027
619	3.86037
620	4.13238
621	4.20832
622	4.15068
623	4.16194
624	4.16165
625	4.66955
626	4.5343
627	4.76528
628	4.75083
629	4.07272
630	4.52645
631	4.03616
632	4.30125
633	4.69925
634	4.85274
635	4.42802
636	4.45914
637	4.55834
638	4.4308
639	4.16238
640	4.12296
641	4.30357
642	4.23916
643	4.15508
644	4.37028
645	4.34003
646	4.24704
647	4.29655
648	4.4454
649	4.46091
650	4.70643
651	4.58941
652	4.66292
653	4.80622
654	4.57181
655	4.4311
656	4.55504
657	4.57423
658	4.68772
659	4.47489
660	4.29112
661	4.78473
662	4.58849
663	5.02499
664	4.59665
665	4.39948
666	4.54248
667	4.46142
668	4.6696
669	4.08056
670	4.14494
671	4.31495
672	4.2915
673	4.24268
674	4.51834
675	4.76784
676	4.26521
677	4.59251
678	4.619
679	4.3927
680	4.59756
681	3.97383
682	4.41175
683	4.40258
684	4.31665
685	4.45595
686	4.15851
687	4.55004
688	4.52481
689	4.50633
690	4.52857
691	4.13389
692	4.3949
693	4.49003
694	3.94934
695	4.44586
696	4.35155
697	4.38231
698	4.41726
699	4.5024
700	4.41762
701	4.46997
702	4.59145
703	4.58616
704	4.56068
705	4.61044
706	4.70204
707	4.56531
708	4.68844
709	4.7417
710	4.59405
711	4.65568
712	4.31333
713	4.20997
714	4.35672
715	4.51455
716	4.50319
717	4.20624
718	4.46009
719	4.00341
720	4.21935
721	4.22543
722	4.42413
723	4.24762
724	4.25483
725	4.12493
726	4.01801
727	3.82357
728	4.50043
729	3.94475
730	4.15111
731	4.52784
732	4.48974
733	4.88049
734	4.68486
735	4.69435
736	4.66743
737	4.42312
738	5.09279
739	4.64793
740	4.70407
741	4.51677
742	4.80271
743	4.60863
744	4.43174
745	4.77915
746	4.85619
747	4.60353
748	4.75529
749	5.07391
750	5.16536
751	5.36756
752	5.07315
753	5.23961
754	5.00865
755	4.90354
756	4.72286
757	4.80547
758	5.04377
759	4.80011
760	4.7574
761	4.65426
762	4.78023
763	4.7476
764	4.68352
765	4.84114
766	4.65816
767	4.62501
768	4.97313
769	4.79121
770	4.64343
771	4.37087
772	4.59509
773	4.98305
774	5.03828
775	4.43724
776	4.54217
777	4.79778
778	5.38548
779	4.81732
780	5.26781
781	5.42104
782	5.06807
783	4.75611
784	4.6534
785	4.38796
786	4.60688
787	5.02753
788	4.85667
789	4.80078
790	4.43804
791	4.91463
792	4.83365
793	5.13958
794	4.58732
795	4.68672
796	4.90619
797	5.0568
798	5.08345
799	4.784
800	4.71587
801	5.00922
802	4.97964
803	4.69436
804	4.99565
805	5.1215
806	4.83633
807	4.62305
808	5.0134
809	5.26894
810	4.91269
811	5.27385
812	4.74663
813	4.92964
814	4.78851
815	4.56301
816	4.72367
817	4.4267
818	4.48309
819	4.56393
820	4.49588
821	4.71863
822	4.628
823	4.67289
824	4.85607
825	4.50745
826	4.75281
827	4.75736
828	4.81873
829	4.80929
830	4.40024
831	4.89929
832	4.98551
833	4.99859
834	4.83964
835	5.0714
836	4.91576
837	4.80753
838	5.00865
839	4.76378
840	4.82079
841	4.8382
842	5.0029
843	4.87445
844	4.92785
845	5.05601
846	4.80839
847	4.66978
848	5.10236
849	4.90471
850	5.35575
851	5.31013
852	5.67634
853	5.59798
854	5.01858
855	5.2688
856	5.53297
857	5.59731
858	5.15819
859	5.29223
860	5.26163
861	5.39815
862	5.60573
863	5.94412
864	5.6337
865	5.69397
866	5.45744
867	5.25879
868	5.5001
869	5.51904
870	5.34958
871	4.94402
872	5.26609
873	5.11723
874	5.51051
875	5.64548
876	5.46671
877	5.05546
878	5.37004
879	5.3716
880	5.50314
881	5.3342
882	5.25168
883	5.36819
884	4.89147
885	5.22207
886	5.53792
887	6.0229
888	5.49227
889	5.80311
890	5.43847
891	5.49118
892	5.81423
893	5.58414
894	5.84378
895	5.53527
896	5.37142
897	5.26824
898	5.62655
899	5.43439
900	5.70213
901	5.59675
902	5.71128
903	5.4785
904	5.97686
905	5.6043
906	5.84444
907	5.37384
908	5.92952
909	5.60279
910	5.33066
911	5.09809
912	4.61761
913	5.09916
914	5.61796
915	5.29414
916	4.65085
917	5.24177
918	5.46102
919	5.1457
920	5.17033
921	5.39342
922	5.4157
923	5.55788
924	5.15504
925	5.46699
926	5.03308
927	5.21924
928	5.24441
929	5.48047
930	4.86749
931	5.12866
932	5.43611
933	5.40905
934	5.57614
935	5.4283
936	5.35531
937	5.36526
938	4.99543
939	5.10998
940	5.16397
941	5.33344
942	5.3711
943	5.36297
944	5.27931
945	4.97165
946	5.20021
947	4.85763
948	4.85104
949	5.07478
950	4.81558
951	5.09727
952	5.19777
953	5.33744
954	4.8811
955	5.25208
956	5.70973
957	5.89054
958	6.06284
959	5.87683
960	6.01112
961	6.19241
962	5.63554
963	5.47776
964	5.71473
965	5.78592
966	5.77698
967	5.51916
968	5.50563
969	5.7007
970	5.56183
971	5.67378
972	5.94218
973	5.46602
974	5.66377
975	5.94603
976	5.71588
977	5.65845
978	5.89808
979	5.9079
980	5.86207
981	5.57477
982	5.16787
983	5.1295
984	5.13994
985	4.64731
986	4.75646
987	4.56675
988	5.36549
989	5.31896
990	5.32037
991	5.11419
992	5.0823
993	5.23692
994	5.17333
995	5.00226
996	4.51534
997	5.46217
998	5.41858
999	5.22479
1000	5.23407
1001	5.28213
1002	5.55124
1003	5.08532
1004	5.1256
1005	5.66924
1006	5.26666
1007	5.27666
1008	5.45225
1009	5.93046
1010	5.57295
1011	5.92788
1012	5.89027
1013	5.75588
1014	5.66884
1015	5.86821
1016	5.72435
1017	5.72286
1018	6.04726
1019	6.02956
1020	5.89283
1021	5.75566
1022	6.14236
1023	5.77394
1024	6.35731
1025	5.90391
1026	5.97925
1027	5.79885
1028	5.87076
1029	5.88869
1030	5.69594
1031	6.21579
1032	6.42071
1033	6.82456
1034	6.64103
1035	6.44901
1036	6.43267
1037	6.10771
1038	6.16404
1039	6.09247
1040	5.9932
1041	5.88601
1042	6.35721
1043	6.21055
1044	6.10594
1045	5.88659
1046	6.05876
1047	6.12338
1048	6.16728
1049	5.95182
1050	5.95891
1051	6.18583
1052	6.34912
1053	6.09704
1054	6.0877
1055	5.80095
1056	5.76958
1057	5.18295
1058	5.34405
1059	5.30902
1060	5.30395
1061	5.40963
1062	5.53171
1063	5.7271
1064	5.6478
1065	5.41651
1066	5.47848
1067	5.50776
1068	5.40674
1069	5.33697
1070	5.24274
1071	5.3664
1072	5.36773
1073	5.21281
1074	5.33918
1075	5.18443
1076	5.20251
1077	5.36235
1078	5.31305
1079	5.47876
1080	5.42398
1081	5.6621
1082	5.45652
1083	5.75398
1084	5.93256
1085	5.55593
1086	5.69773
1087	5.4739
1088	5.82124
1089	5.61997
1090	5.74336
1091	5.38123
1092	5.66444
1093	5.55671
1094	5.56055
1095	5.84347
1096	5.72292
1097	5.52551
1098	5.56213
1099	5.81134
1100	5.86834
1101	5.72071
1102	5.79477
1103	5.81337
1104	5.56991
1105	5.42237
1106	5.7686
1107	5.62217
1108	5.57122
1109	5.32664
1110	5.5967
1111	5.17598
1112	5.07595
1113	5.06489
1114	5.23137
1115	5.43166
1116	5.08294
1117	5.10705
1118	5.15933
1119	5.36163
1120	5.71317
1121	5.78519
1122	5.36699
1123	5.66119
1124	5.68219
1125	5.38514
1126	5.52827
1127	5.3169
1128	5.56133
1129	5.69199
1130	5.59395
1131	5.50224
1132	5.30277
1133	5.5248
1134	5.65554
1135	5.44843
1136	5.86386
1137	5.85853
1138	5.29994
1139	5.52857
1140	5.53349
1141	5.55128
1142	5.71834
1143	5.71328
1144	6.04879
1145	5.85348
1146	6.1023
1147	5.70149
1148	5.09696
1149	5.44081
1150	5.23013
1151	5.6454
1152	5.15928
1153	5.53125
1154	5.35852
1155	5.55345
1156	5.42496
1157	5.48282
1158	5.24283
1159	5.70271
1160	6.07031
1161	5.62916
1162	5.47875
1163	5.27247
1164	5.60344
1165	5.46529
1166	5.72771
1167	5.54906
1168	5.62055
1169	5.61774
1170	5.70479
1171	5.30547
1172	5.53837
1173	5.62355
1174	5.49093
1175	5.45098
1176	5.43939
1177	5.40314
1178	5.63035
1179	5.53986
1180	5.54275
1181	5.51248
1182	6.18792
1183	5.93988
1184	5.72943
1185	5.49808
1186	5.81768
1187	5.5957
1188	5.34198
1189	5.85471
1190	5.69949
1191	5.91926
1192	5.47669
1193	5.81789
1194	5.42649
1195	5.60595
1196	5.37848
1197	5.61001
1198	5.70924
1199	5.1443
1200	5.57439
1201	5.69681
1202	5.5437
1203	5.76074
1204	6.12868
1205	5.97888
1206	6.24592
1207	5.78002
1208	5.65764
1209	5.65426
1210	5.85611
1211	6.04507
1212	6.40162
1213	6.30179
1214	5.91465
1215	5.79386
1216	5.64937
1217	5.4306
1218	5.41136
1219	5.23267
1220	5.2762
1221	5.3073
1222	5.74458
1223	5.64892
1224	5.63766
1225	5.72905
1226	5.74295
1227	5.84201
1228	5.70926
1229	5.31593
1230	5.17063
1231	5.34348
1232	5.71626
1233	5.33072
1234	5.18255
1235	4.97056
1236	5.02546
1237	4.97452
1238	5.32137
1239	5.40304
1240	5.35825
1241	5.37603
1242	5.39802
1243	5.60166
1244	5.37374
1245	5.19413
1246	5.3034
1247	5.07181
1248	5.25958
1249	5.03642
1250	5.02582
1251	4.85037
1252	5.04309
1253	5.07146
1254	5.00589
1255	4.80212
1256	5.1132
1257	4.96786
1258	4.68975
1259	5.28313
1260	5.05237
1261	5.31501
1262	5.15427
1263	5.17353
1264	5.19214
1265	5.15273
1266	5.0901
1267	5.32379
1268	5.20823
1269	5.29046
1270	5.11836
1271	4.93737
1272	5.58096
1273	5.21828
1274	5.23797
1275	5.16149
1276	5.49379
1277	5.37573
1278	5.56618
1279	5.51541
1280	5.55443
1281	5.37267
1282	5.03469
1283	5.07976
1284	5.48008
1285	5.16229
1286	5.13791
1287	5.32397
1288	5.09833
1289	4.65715
1290	4.72261
1291	4.86823
1292	4.68784
1293	5.04185
1294	5.12717
1295	5.25543
1296	5.05804
1297	5.13957
1298	5.24176
1299	5.24011
1300	5.14417
1301	5.01213
1302	5.24925
1303	4.73784
1304	4.72371
1305	5.08984
1306	4.79662
1307	5.10653
1308	4.91514
1309	4.84617
1310	5.08871
1311	4.61779
1312	5.35744
1313	5.07509
1314	5.18202
1315	5.33158
1316	5.22206
1317	5.05212
1318	4.88964
1319	4.81374
1320	4.98096
1321	5.11995
1322	5.13703
1323	5.19184
1324	5.07324
1325	5.1306
1326	5.35333
1327	5.69251
1328	5.31805
1329	5.64434
1330	5.43643
1331	5.2039
1332	5.49127
1333	5.92966
1334	5.22464
1335	5.09887
1336	5.23491
1337	4.8842
1338	4.92585
1339	5.14442
1340	5.28304
1341	5.40623
1342	5.49899
1343	5.53694
1344	5.66677
1345	5.53578
1346	5.4764
1347	5.65312
1348	5.27965
1349	5.38078
1350	5.68862
1351	5.35754
1352	5.79959
1353	5.70443
1354	5.58603
1355	5.79289
1356	5.79193
1357	6.02357
1358	5.65639
1359	5.96905
1360	5.60805
1361	5.75857
1362	5.59327
1363	5.83903
1364	5.8107
1365	5.6158
1366	5.86319
1367	5.58554
1368	5.78217
1369	5.73247
1370	5.58501
1371	5.72163
1372	5.77128
1373	5.49909
1374	5.72433
1375	5.67541
1376	5.66942
1377	6.0717
1378	6.0155
1379	6.0275
1380	5.93445
1381	5.60356
1382	5.49539
1383	6.26379
1384	5.55631
1385	5.9563
1386	5.96072
1387	5.45058
1388	5.47206
1389	5.67557
1390	5.3461
1391	5.57762
1392	5.76539
1393	5.40599
1394	5.9374
1395	5.89777
1396	5.45665
1397	5.38266
1398	5.71086
1399	5.43983
1400	5.73629
1401	5.51357
1402	5.79548
1403	5.69392
1404	5.82156
1405	5.85757
1406	5.67522
1407	5.7177
1408	5.80642
1409	5.63051
1410	5.46209
1411	5.30483
1412	5.32277
1413	5.68183
1414	5.76037
1415	6.06764
1416	6.23111
1417	5.90797
1418	5.73256
1419	5.83927
1420	6.14314
1421	5.82949
1422	5.74888
1423	6.1946
1424	5.33373
1425	5.41525
1426	5.28794
1427	5.72397
1428	5.56117
1429	5.2743
1430	5.09492
1431	5.50569
1432	5.92091
1433	5.23804
1434	5.17877
1435	5.35129
1436	5.2662
1437	5.16442
1438	5.23059
1439	5.00462
1440	5.45297
1441	5.37357
1442	5.4433
1443	5.23741
1444	5.42298
1445	5.63224
1446	5.10272
1447	5.43632
1448	5.39467
1449	5.63569
1450	5.2673
1451	5.52109
1452	5.12064
1453	5.21342
1454	5.23385
1455	5.17565
1456	5.32192
1457	5.21432
1458	5.05594
1459	5.02776
1460	5.28015
1461	5.03625
1462	4.86953
1463	4.64788
1464	4.91581
1465	5.02158
1466	4.89889
1467	4.97747
1468	5.17088
1469	4.8964
1470	5.05865
1471	5.24349
1472	5.37645
1473	5.33191
1474	5.13851
1475	5.24038
1476	5.03135
1477	5.23518
1478	5.17271
1479	5.36475
1480	5.13637
1481	5.06135
1482	5.00547
1483	5.30117
1484	5.19076
1485	5.06515
1486	5.42963
1487	5.36011
1488	5.14873
1489	5.33128
1490	5.10887
1491	5.17541
1492	5.26446
1493	4.98103
1494	5.01327
1495	5.04066
1496	4.82361
1497	4.88644
1498	4.82535
1499	4.72362
1500	4.61586
1501	4.7741
1502	4.93151
1503	5.42282
1504	5.25921
1505	5.30361
1506	5.26872
1507	5.40033
1508	5.20169
1509	4.98519
1510	5.32629
1511	4.89719
1512	5.36264
1513	5.10696
1514	4.96516
1515	4.83449
1516	5.11164
1517	5.11539
1518	5.04759
1519	5.13338
1520	5.01763
1521	5.14579
1522	5.07697
1523	5.0627
1524	4.89819
1525	4.9309
1526	4.93789
1527	5.00488
1528	5.1902
1529	5.20593
1530	5.02305
1531	4.83882
1532	4.6754
1533	4.87093
1534	4.73724
1535	5.0324
1536	4.96216
1537	4.85121
1538	4.84888
1539	4.92542
1540	4.91263
1541	4.81821
1542	4.85255
1543	5.0519
1544	4.88395
1545	5.02131
1546	4.80697
1547	4.9575
1548	5.01728
1549	5.1079
1550	4.93696
1551	4.99268
1552	4.94358
1553	4.94484
1554	5.06082
1555	4.91881
1556	4.77414
1557	5.25153
1558	4.90537
1559	5.0306
1560	5.06069
1561	4.93598
1562	4.79933
1563	5.30637
1564	4.81537
1565	4.82915
1566	4.89848
1567	5.02022
1568	4.92278
1569	4.87609
1570	5.2651
1571	4.93512
1572	4.93755
1573	5.13077
1574	5.13644
1575	5.18665
1576	5.03003
1577	5.07627
1578	5.1363
1579	5.09356
1580	5.1406
1581	5.03904
1582	5.06276
1583	5.10033
1584	4.98083
1585	4.77752
1586	4.71735
1587	5.20258
1588	4.67638
1589	4.68648
1590	4.73283
1591	5.19668
1592	4.82176
1593	5.15831
1594	4.99746
1595	5.19656
1596	4.86491
1597	5.00813
1598	5.25736
1599	4.93153
1600	4.95467
1601	4.89484
1602	4.95881
1603	4.76875
1604	5.00778
1605	4.72919
1606	5.04391
1607	5.18819
1608	5.25839
1609	5.308
1610	5.20474
1611	5.19606
1612	5.1433
1613	4.82582
1614	4.8375
1615	5.22395
1616	5.20292
1617	4.93201
1618	4.97531
1619	4.92364
1620	5.12052
1621	5.18871
1622	5.3963
1623	5.28859
1624	5.16301
1625	5.3982
1626	5.13102
1627	5.15885
1628	5.06809
1629	4.93841
1630	5.27165
1631	4.92398
1632	5.04667
1633	4.93214
1634	4.90495
1635	4.77627
1636	4.66664
1637	4.73453
1638	4.96137
1639	4.53873
1640	4.85557
1641	4.71189
1642	4.84897
1643	5.04146
1644	5.19864
1645	5.08091
1646	4.90358
1647	4.9628
1648	4.7828
1649	5.04756
1650	5.08011
1651	4.97516
1652	4.95757
1653	4.752
1654	4.80754
1655	4.91624
1656	5.0872
1657	4.95441
1658	5.08916
1659	5.05669
1660	5.3273
1661	5.36397
1662	5.04793
1663	5.16662
1664	4.87325
1665	4.75045
1666	4.91232
1667	4.86361
1668	4.89822
1669	4.95704
1670	5.17449
1671	5.04478
1672	5.14488
1673	5.69951
1674	5.24513
1675	5.65814
1676	5.22159
1677	5.25209
1678	5.06856
1679	4.98174
1680	5.238
1681	5.38888
1682	5.13045
1683	5.16805
1684	5.2746
1685	5.27338
1686	5.14935
1687	5.04155
1688	5.22144
1689	5.22268
1690	5.14937
1691	4.92973
1692	4.90953
1693	5.07663
1694	5.02352
1695	5.05195
1696	4.7563
1697	4.99286
1698	5.07068
1699	4.86798
1700	4.97714
1701	4.79351
1702	4.73265
1703	4.80566
1704	4.87845
1705	5.11658
1706	4.88138
1707	4.87875
1708	4.94157
1709	4.81599
1710	4.72004
1711	4.94556
1712	5.11369
1713	5.11512
1714	5.31487
1715	5.25165
1716	5.05918
1717	5.02258
1718	4.92394
1719	5.05248
1720	5.33487
1721	5.16572
1722	5.16716
1723	5.0524
1724	5.03705
1725	5.11593
1726	5.01852
1727	5.26726
1728	5.15677
1729	5.07074
1730	5.25675
1731	5.08949
1732	4.95181
1733	5.16304
1734	5.02437
1735	5.01816
1736	4.82981
1737	4.87487
1738	4.98325
1739	4.80035
1740	4.71795
1741	4.82413
1742	4.75066
1743	5.0356
1744	4.77727
1745	4.88928
1746	4.87676
1747	4.69425
1748	4.68002
1749	4.70875
1750	4.70552
1751	4.55349
1752	4.47298
1753	4.61065
1754	4.7427
1755	4.56303
1756	4.49748
1757	4.65543
1758	4.51153
1759	4.56483
1760	4.46514
1761	4.54916
1762	4.5796
1763	4.46728
1764	4.5409
1765	4.54098
1766	4.39565
1767	4.43857
1768	4.82369
1769	4.51011
1770	4.67844
1771	4.54725
1772	4.42094
1773	4.3532
1774	4.47694
1775	4.66043
1776	4.62891
1777	4.64811
1778	4.49761
1779	4.68259
1780	4.51646
1781	4.85258
1782	4.74528
1783	4.68224
1784	4.81442
1785	4.59003
1786	4.43025
1787	4.79722
1788	5.14217
1789	4.91863
1790	4.81992
1791	4.71003
1792	4.68332
1793	4.51797
1794	4.8097
1795	4.74196
1796	4.57148
1797	4.89294
1798	4.74577
1799	4.92606
1800	5.01262
1801	4.89612
1802	4.99255
1803	4.86756
1804	5.03906
1805	5.04678
1806	4.86829
1807	4.97678
1808	5.08476
1809	4.98461
1810	5.27438
1811	5.39167
1812	5.15341
1813	4.91937
1814	5.04406
1815	5.08769
1816	5.15826
1817	5.25401
1818	5.08324
1819	4.85293
1820	4.81997
1821	4.97712
1822	5.02042
1823	5.04473
1824	5.1474
1825	5.06998
1826	5.19874
1827	5.30105
1828	5.22233
1829	5.17146
1830	5.33169
1831	5.21127
1832	5.379
1833	5.28123
1834	5.12474
1835	5.11601
1836	4.96123
1837	5.47581
1838	5.21052
1839	5.27608
1840	5.20735
1841	4.99425
1842	5.26732
1843	5.1077
1844	5.27551
1845	5.37741
1846	5.13351
1847	4.98067
1848	5.43623
1849	5.35118
1850	5.38878
1851	5.39738
1852	5.40228
1853	5.31475
1854	5.22731
1855	5.05282
1856	5.17322
1857	5.13622
1858	5.18264
1859	5.28782
1860	5.1744
1861	5.34549
1862	4.93488
1863	5.16161
1864	5.05398
1865	5.18894
1866	5.0489
1867	5.27562
1868	5.02854
1869	5.1881
1870	4.86885
1871	5.00486
1872	4.97928
1873	4.88957
1874	5.28128
1875	5.10766
1876	5.06457
1877	4.75948
1878	4.95867
1879	5.09556
1880	4.86961
1881	5.09747
1882	4.83463
1883	5.07886
1884	5.19831
1885	5.04182
1886	5.10199
1887	4.77956
1888	5.13462
1889	5.15563
1890	5.28652
1891	5.51649
1892	5.28683
1893	5.06229
1894	5.30687
1895	5.06171
1896	5.06208
1897	4.82535
1898	4.89857
1899	5.10331
1900	5.36294
1901	5.0557
1902	5.03166
1903	5.09804
1904	5.02195
1905	5.02284
1906	5.17511
1907	5.06214
1908	5.01885
1909	5.20592
1910	5.71018
1911	5.1126
1912	5.34836
1913	5.28279
1914	5.55975
1915	5.59892
1916	5.73464
1917	5.44614
1918	5.24898
1919	5.11291
1920	5.2325
1921	5.23017
1922	5.47704
1923	5.32385
1924	5.05517
1925	5.15255
1926	5.15718
1927	5.30803
1928	5.48819
1929	5.58651
1930	5.64324
1931	5.10496
1932	5.20763
1933	5.43837
1934	5.0572
1935	5.25657
1936	5.18228
1937	5.18561
1938	5.33687
1939	5.21557
1940	5.23338
1941	5.36624
1942	5.3973
1943	5.4764
1944	5.20373
1945	5.62842
1946	5.21992
1947	5.20778
1948	5.55859
1949	5.57149
1950	4.96663
1951	5.35526
1952	4.9451
1953	5.2042
1954	5.2587
1955	5.27381
1956	5.46339
1957	5.25921
1958	5.3238
1959	5.3128
1960	5.30694
1961	5.45934
1962	5.26921
1963	5.36767
1964	5.20775
1965	5.11938
1966	5.44142
1967	5.43688
1968	5.39281
1969	5.14161
1970	5.25849
1971	4.95126
1972	5.07273
1973	5.19485
1974	4.99361
1975	5.17516
1976	4.99742
1977	5.08153
1978	5.0251
1979	4.77403
1980	4.7783
1981	5.00329
1982	5.21052
1983	4.78271
1984	4.88983
1985	4.78036
1986	4.77555
1987	4.75009
1988	4.91736
1989	4.6211
1990	4.70991
1991	5.14973
1992	4.84299
1993	4.65259
1994	4.75609
1995	4.98942
1996	4.8578
1997	5.07125
1998	4.99708
1999	5.02245
2000	5.25946
2001	5.22691
2002	5.01582
2003	5.04997
2004	5.19672
2005	4.93317
2006	5.00337
2007	5.14603
2008	4.99991
2009	4.96398
2010	5.12456
2011	5.10292
2012	5.08953
2013	4.96018
2014	4.95769
2015	4.94268
2016	4.76874
2017	4.67074
2018	4.75902
2019	4.79385
2020	4.94179
2021	4.75046
2022	4.96508
2023	5.24147
2024	4.89165
2025	5.16968
2026	5.47976
2027	5.10282
2028	5.38544
2029	5.35662
2030	5.38291
2031	5.4777
2032	5.6029
2033	5.49837
2034	5.27793
2035	5.21524
2036	5.25493
2037	5.06737
2038	5.26572
2039	5.36941
2040	5.16519
2041	5.1765
2042	5.30557
2043	5.4639
2044	5.07163
2045	5.24086
2046	5.24591
2047	5.33231
2048	5.30876
2049	5.22981
2050	5.27415
2051	5.29457
2052	5.39573
2053	5.46663
2054	5.16511
2055	5.16131
2056	5.18483
2057	5.0458
2058	5.09957
2059	4.9045
2060	5.4422
2061	5.07223
2062	5.03579
2063	5.14418
2064	5.09829
2065	4.9795
2066	5.28117
2067	5.10168
2068	5.07437
2069	5.30832
2070	5.01783
2071	5.22176
2072	4.97396
2073	4.8584
2074	5.09247
2075	5.0084
2076	4.97083
2077	5.00255
2078	5.21626
2079	5.01859
2080	5.19454
2081	4.98961
2082	5.07448
2083	4.89528
2084	4.97604
2085	5.19454
2086	4.97206
2087	4.77877
2088	4.60935
2089	4.85566
2090	4.84787
2091	4.74624
2092	4.8282
2093	5.14168
2094	4.82786
2095	4.8642
2096	4.76484
2097	4.8758
2098	4.92812
2099	4.94764
2100	4.94184
2101	5.13188
2102	5.0444
2103	5.11714
2104	5.00582
2105	5.19818
2106	5.01286
2107	5.1007
2108	4.94449
2109	4.8794
2110	5.06972
2111	4.90084
2112	5.12804
2113	4.87194
2114	5.09169
2115	5.07943
2116	4.91323
2117	4.90347
2118	4.9495
2119	4.94332
2120	4.86589
2121	4.7644
2122	4.90593
2123	4.75664
2124	4.8293
2125	4.8025
2126	4.81968
2127	4.90823
2128	4.76466
2129	4.9195
2130	5.04277
2131	4.84837
2132	4.9011
2133	4.6961
2134	4.69183
2135	4.71607
2136	4.69043
2137	4.71648
2138	4.78093
2139	4.86782
2140	4.94749
2141	4.94359
2142	5.22102
2143	4.96262
2144	5.13101
2145	4.93815
2146	5.04206
2147	5.21526
2148	5.47657
2149	5.37486
2150	5.17987
2151	5.11676
2152	5.19339
2153	5.12637
2154	5.07182
2155	4.99355
2156	4.95125
2157	4.81128
2158	4.96683
2159	5.01783
2160	5.13678
2161	4.85282
2162	5.0262
2163	5.13762
2164	4.92933
2165	4.75797
2166	5.01532
2167	4.91108
2168	5.02052
2169	4.66429
2170	4.76093
2171	4.74024
2172	5.07518
2173	5.10377
2174	4.93258
2175	5.15452
2176	5.00753
2177	5.02644
2178	5.11249
2179	4.91908
2180	5.13719
2181	5.0127
2182	5.09517
2183	5.25622
2184	5.03734
2185	5.18634
2186	4.98682
2187	5.02576
2188	5.04125
2189	5.15613
2190	5.34706
2191	5.16563
2192	4.94281
2193	4.96283
2194	4.88466
2195	4.80095
2196	4.93275
2197	5.15011
2198	5.13987
2199	5.09842
2200	5.09208
2201	4.84459
2202	5.06183
2203	4.96562
2204	5.03956
2205	4.85334
2206	4.92893
2207	5.02883
2208	5.02549
2209	4.88867
2210	4.94642
2211	4.85965
2212	5.19515
2213	5.21414
2214	4.96082
2215	5.06192
2216	5.19515
2217	5.23244
2218	4.95925
2219	5.12777
2220	5.14286
2221	4.93083
2222	5.00384
2223	4.99735
2224	4.96512
2225	5.20221
2226	5.05688
2227	5.04912
2228	5.06333
2229	4.98965
2230	5.16876
2231	4.82499
2232	4.79381
2233	5.11054
2234	5.08803
2235	4.98683
2236	5.10973
2237	4.82858
2238	5.03436
2239	5.02763
2240	5.13132
2241	5.33776
2242	5.27328
2243	5.43675
2244	5.44289
2245	5.42361
2246	5.08322
2247	5.18991
2248	5.22472
2249	5.33725
2250	5.34858
2251	5.13647
2252	5.11585
2253	5.39674
2254	5.14165
2255	5.10651
2256	5.28455
2257	5.20353
2258	5.05958
2259	5.22451
2260	5.36778
2261	5.42274
2262	5.45121
2263	5.36329
2264	5.52479
2265	4.90697
2266	5.22815
2267	4.87096
2268	4.65539
2269	5.0942
2270	5.33945
2271	5.23579
2272	5.0616
2273	4.87207
2274	5.03376
2275	4.76588
2276	5.01855
2277	4.92354
2278	5.18074
2279	4.73998
2280	4.77879
2281	4.7783
2282	4.89249
2283	5.07269
2284	4.80999
2285	4.70381
2286	4.82845
2287	4.84082
2288	5.05947
2289	5.10408
2290	4.63298
2291	4.97621
2292	4.98478
2293	5.21763
2294	5.03647
2295	5.14191
2296	5.07583
2297	5.19632
2298	5.07362
2299	5.16625
2300	5.1741
2301	5.29766
2302	5.19643
2303	5.45934
2304	5.23198
2305	5.57552
2306	5.56998
2307	5.465
2308	5.5631
2309	5.26881
2310	5.80198
2311	5.48859
2312	5.66312
2313	5.73197
2314	5.62375
2315	5.38412
2316	5.53153
2317	5.44625
2318	5.30722
2319	5.08615
2320	4.7962
2321	5.10107
2322	5.18323
2323	4.99923
2324	4.94447
2325	5.1802
2326	5.01689
2327	5.25258
2328	5.14313
2329	5.05805
2330	5.0557
2331	5.23863
2332	5.11037
2333	5.08099
2334	5.40545
2335	5.31468
2336	5.23656
2337	5.35816
2338	5.33225
2339	5.32384
2340	5.06689
2341	4.8342
2342	4.75602
2343	4.90575
2344	5.19133
2345	4.95549
2346	4.98168
2347	5.0852
2348	4.71837
2349	4.86484
2350	4.68231
2351	4.80998
2352	4.6049
2353	4.52665
2354	4.76852
2355	4.55268
2356	4.80551
2357	4.83073
2358	4.84943
2359	4.8644
2360	4.68137
2361	4.54145
2362	4.41068
2363	4.56838
2364	4.35551
2365	4.54529
2366	4.46471
2367	4.38863
2368	4.51774
2369	4.67134
2370	4.37979
2371	4.40088
2372	4.37117
2373	4.36846
2374	4.26225
2375	4.12915
2376	4.46817
2377	4.66783
2378	4.71586
2379	4.40999
2380	4.37361
2381	4.26908
2382	4.48772
2383	4.37516
2384	4.49681
2385	4.71511
2386	4.44851
2387	4.31491
2388	4.50956
2389	4.46947
2390	4.90296
2391	4.75887
2392	4.72006
2393	4.48805
2394	4.4641
2395	4.93817
2396	4.98495
2397	4.66417
2398	4.64274
2399	4.52113
2400	4.37099
2401	4.53247
2402	4.7631
2403	4.72598
2404	4.74555
2405	4.79133
2406	4.51539
2407	4.38538
2408	4.30509
2409	4.65172
2410	4.77396
2411	4.61568
2412	4.42546
2413	4.51399
2414	4.49937
2415	4.26141
2416	4.48517
2417	4.51427
2418	4.48403
2419	4.1794
2420	4.3564
2421	4.65901
2422	4.35838
2423	4.18119
2424	4.50105
2425	4.5086
2426	4.52847
2427	4.40281
2428	4.47978
2429	4.58748
2430	4.72849
2431	4.71138
2432	4.76302
2433	4.43738
2434	4.64475
2435	4.62276
2436	4.59856
2437	4.70646
2438	4.59812
2439	4.7147
2440	4.74108
2441	5.05465
2442	4.82546
2443	4.89424
2444	4.75512
2445	4.83814
2446	4.61166
2447	4.70426
2448	4.7262
2449	4.57927
2450	4.78772
2451	4.78421
2452	4.82703
2453	4.79453
2454	4.7193
2455	4.66988
2456	4.7709
2457	4.62503
2458	4.84381
2459	5.18287
2460	4.88413
2461	4.84619
2462	4.79936
2463	4.6893
2464	4.87525
2465	4.88411
2466	4.64973
2467	4.8381
2468	5.03021
2469	4.76472
2470	4.50725
2471	4.64488
2472	4.65313
2473	4.78795
2474	4.78649
2475	4.78817
2476	4.53593
2477	4.74561
2478	4.71641
2479	4.82318
2480	4.70123
2481	4.52487
2482	4.56946
2483	4.5378
2484	4.5792
2485	4.62347
2486	4.38015
2487	4.51528
2488	4.6891
2489	4.62709
2490	4.46054
2491	4.53318
2492	4.56666
2493	4.58702
2494	4.49587
2495	4.51819
2496	4.70262
2497	4.53111
2498	4.60563
2499	4.57795
2500	4.75451
2501	4.40579
2502	4.59225
2503	4.71645
2504	4.75517
2505	4.64622
2506	4.53138
2507	4.83382
2508	4.57975
2509	4.5759
2510	4.54811
2511	4.31357
2512	4.48543
2513	4.76095
2514	4.81202
2515	4.48613
2516	4.80672
2517	4.45245
2518	4.6201
2519	4.42172
2520	4.45774
2521	4.54127
2522	4.52951
2523	4.48499
2524	4.6929
2525	4.69758
2526	4.77731
2527	4.52598
2528	4.60448
2529	5.0335
2530	4.78833
2531	4.84859
2532	4.92976
2533	4.82417
2534	4.73356
2535	4.86932
2536	4.80311
2537	4.58734
2538	4.67996
2539	4.91451
2540	4.62177
2541	4.61696
2542	4.37334
2543	4.4366
2544	4.7326
2545	4.32885
2546	4.54811
2547	4.46982
2548	4.86917
2549	4.65782
2550	4.4789
2551	4.63154
2552	4.61417
2553	4.44665
2554	4.52357
2555	4.50115
2556	4.5667
2557	4.59403
2558	4.57338
2559	4.71319
2560	4.6038
2561	4.39417
2562	4.36208
2563	4.21147
2564	4.51796
2565	4.30522
2566	4.5829
2567	4.61106
2568	4.39797
2569	4.24343
2570	4.34165
2571	4.27367
2572	4.39716
2573	4.1774
2574	4.49085
2575	4.63321
2576	4.51347
2577	4.46803
2578	4.46984
2579	4.59895
2580	4.85985
2581	4.53375
2582	4.39172
2583	4.71161
2584	4.58464
2585	4.34954
2586	4.62096
2587	4.4519
2588	4.62366
2589	4.66677
2590	4.38399
2591	4.64553
2592	4.49403
2593	4.30811
2594	4.32306
2595	4.47838
2596	4.38202
2597	4.43331
2598	4.55551
2599	4.52275
2600	4.71489
2601	4.6246
2602	4.55917
2603	4.60906
2604	4.53127
2605	4.46644
2606	4.40069
2607	4.52561
2608	4.4421
2609	4.82098
2610	4.63229
2611	4.66352
2612	4.63458
2613	4.36419
2614	4.49755
2615	4.52637
2616	4.18096
2617	4.45129
2618	4.4877
2619	4.57936
2620	4.51937
2621	4.49478
2622	4.65285
2623	4.79583
2624	4.50483
2625	4.34055
2626	4.48893
2627	4.56655
2628	4.49227
2629	4.48977
2630	4.41205
2631	4.574
2632	4.49502
2633	4.58839
2634	4.65264
2635	4.50681
2636	4.54839
2637	4.36363
2638	4.2832
2639	4.41567
2640	4.54122
2641	4.23305
2642	4.71887
2643	4.44981
2644	4.42143
2645	4.4687
2646	4.54555
2647	4.51262
2648	4.71222
2649	4.66941
2650	4.85593
2651	4.7103
2652	4.80938
2653	5.04619
2654	4.814
2655	4.62035
2656	4.32849
2657	4.42817
2658	4.55498
2659	4.44032
2660	4.40474
2661	4.36948
2662	4.49671
2663	4.46518
2664	4.61126
2665	4.5451
2666	4.50755
2667	4.27692
2668	4.43051
2669	4.4669
2670	4.66086
2671	4.69099
2672	4.71176
2673	4.48243
2674	4.50285
2675	4.5667
2676	4.60051
2677	4.5912
2678	4.73334
2679	4.63734
2680	4.97122
2681	4.92299
2682	4.63217
2683	4.89471
2684	4.81509
2685	4.78737
2686	4.79779
2687	4.40353
2688	4.85078
2689	4.64072
2690	4.67359
2691	4.81558
2692	4.68864
2693	4.45444
2694	4.60837
2695	4.72964
2696	4.78487
2697	4.55953
2698	4.53149
2699	4.79594
2700	4.8648
2701	5.06479
2702	4.87368
2703	4.64989
2704	4.69782
2705	4.53768
2706	4.76986
2707	4.65467
2708	4.83454
2709	4.34929
2710	4.34311
2711	4.45835
2712	4.47386
2713	4.48095
2714	4.6044
2715	4.47133
2716	4.59317
2717	4.45114
2718	4.68428
2719	4.63719
2720	4.54207
2721	4.73589
2722	4.8327
2723	4.70546
2724	4.82792
2725	4.84207
2726	4.97832
2727	4.89761
2728	4.80046
2729	4.78632
2730	4.62769
2731	4.69949
2732	4.68568
2733	4.50383
2734	4.75722
2735	4.50769
2736	4.78984
2737	4.91764
2738	4.7811
2739	4.4584
2740	4.74047
2741	4.56454
2742	4.41114
2743	4.35422
2744	4.32817
2745	4.21063
2746	4.43868
2747	4.40937
2748	4.52432
2749	4.44177
2750	4.33503
2751	4.37807
2752	4.34989
2753	4.34725
2754	4.20581
2755	4.35197
2756	4.49842
2757	4.4873
2758	4.29874
2759	4.40755
2760	4.34177
2761	4.53418
2762	4.46471
2763	4.42882
2764	4.47306
2765	4.54885
2766	4.45978
2767	4.52045
2768	4.603
2769	4.59127
2770	4.48043
2771	4.52154
2772	4.63445
2773	4.61088
2774	4.55462
2775	4.3892
2776	4.40389
2777	4.26459
2778	4.28056
2779	4.43212
2780	4.5832
2781	4.56722
2782	4.66854
2783	4.37371
2784	4.75046
2785	4.6039
2786	4.49642
2787	4.57763
2788	4.59498
2789	4.58044
2790	4.49617
2791	4.48517
2792	4.63035
2793	4.5892
2794	4.54324
2795	4.56764
2796	4.77076
2797	4.55856
2798	4.64306
2799	4.62246
2800	4.61235
2801	4.6286
2802	4.60415
2803	4.54283
2804	4.53781
2805	4.57007
2806	4.63493
2807	4.56968
2808	4.30136
2809	4.71029
2810	4.43665
2811	4.41141
2812	4.44541
2813	4.40755
2814	4.30093
2815	4.11347
2816	4.42016
2817	4.32212
2818	4.4124
2819	4.45881
2820	4.71875
2821	4.43215
2822	4.59399
2823	4.50673
2824	4.49014
2825	4.58285
2826	4.51413
2827	4.69288
2828	4.40221
2829	4.43095
2830	4.47602
2831	4.4231
2832	4.34162
2833	4.28524
2834	4.37081
2835	4.36101
2836	4.48012
2837	4.56389
2838	4.43013
2839	4.41722
2840	4.43556
2841	4.28228
2842	4.31611
2843	4.46946
2844	4.26528
2845	4.28525
2846	4.40945
2847	4.3193
2848	4.43272
2849	4.62312
2850	4.7503
2851	4.43055
2852	4.43727
2853	4.52044
2854	4.68456
2855	4.49341
2856	4.7057
2857	4.87146
2858	4.63672
2859	4.42479
2860	4.65808
2861	4.43061
2862	4.41817
2863	4.48549
2864	4.58392
2865	4.42221
2866	4.2523
2867	4.40249
2868	4.44689
2869	4.32986
2870	3.99906
2871	4.13133
2872	4.13841
2873	4.16705
2874	4.49211
2875	4.32669
2876	4.3119
2877	4.28744
2878	4.22977
2879	4.4422
2880	4.57569
2881	4.46611
2882	4.45487
2883	4.46879
2884	4.52112
2885	4.38079
2886	4.16017
2887	4.25322
2888	4.37649
2889	4.27568
2890	3.99862
2891	4.1933
2892	4.32607
2893	4.44398
2894	4.37494
2895	4.23997
2896	4.23427
2897	4.40028
2898	4.65079
2899	4.44348
2900	4.4643
2901	4.38936
2902	4.3305
2903	4.18028
2904	4.27519
2905	4.25518
2906	4.21027
2907	4.32755
2908	4.3882
2909	4.30402
2910	4.28637
2911	4.15734
2912	4.48138
2913	4.39952
2914	4.66111
2915	4.33543
2916	4.47576
2917	4.49815
2918	4.45063
2919	4.56961
2920	4.38871
2921	4.521
2922	4.35984
2923	4.32421
2924	4.41637
2925	4.33049
2926	4.48371
2927	4.53142
2928	4.73437
2929	4.56962
2930	4.57995
2931	4.49318
2932	4.58331
2933	4.44662
2934	4.43602
2935	4.74802
2936	4.49972
2937	4.58727
2938	4.6837
2939	4.48239
2940	4.41796
2941	4.2187
2942	4.27278
2943	4.26601
2944	4.36297
2945	4.35999
2946	4.44618
2947	4.34947
2948	4.41718
2949	4.44149
2950	4.44391
2951	4.62929
2952	4.48069
2953	4.35585
2954	4.35557
2955	4.44999
2956	4.28819
2957	4.30021
2958	4.33195
2959	4.3438
2960	4.45495
2961	4.2664
2962	4.39063
2963	4.42912
2964	4.59388
2965	4.51127
2966	4.48963
2967	4.4404
2968	4.46116
2969	4.46477
2970	4.59233
2971	4.54019
2972	4.80183
2973	4.82855
2974	4.68874
2975	4.77295
2976	4.70405
2977	4.79181
2978	5.08276
2979	4.90597
2980	4.36591
2981	4.56932
2982	4.611
2983	4.96444
2984	4.62542
2985	4.84654
2986	4.85356
2987	4.58748
2988	5.00906
2989	5.22612
2990	4.80518
2991	4.79726
2992	5.03472
2993	4.78935
2994	4.86567
2995	4.87977
2996	4.96799
2997	5.003
2998	4.69302
2999	4.98082
3000	4.72143
3001	4.87686
3002	4.96906
3003	5.00471
3004	4.77984
3005	4.75924
3006	4.40898
3007	4.87129
3008	4.86511
3009	4.60312
3010	4.71118
3011	4.93467
3012	4.86607
3013	4.88974
3014	4.75043
3015	4.9259
3016	4.7362
3017	4.93983
3018	4.97125
3019	4.83345
3020	4.88609
3021	4.84393
3022	4.71163
3023	5.21153
3024	5.25745
3025	4.9957
3026	4.93673
3027	4.7866
3028	4.87382
3029	5.24398
3030	5.2136
3031	5.11334
3032	4.75282
3033	5.02004
3034	5.06675
3035	4.95694
3036	5.0257
3037	4.64125
3038	4.98607
3039	5.2203
3040	5.1044
3041	5.24885
3042	5.2275
3043	4.96985
3044	4.93624
3045	5.26768
3046	5.14666
3047	5.04493
3048	5.11647
3049	5.28078
3050	4.89351
3051	5.10655
3052	5.1216
3053	5.30193
3054	5.07029
3055	5.05093
3056	5.06769
3057	4.81633
3058	5.01398
3059	5.01529
3060	4.82002
3061	4.9024
3062	5.01186
3063	5.04278
3064	5.1335
3065	5.04181
3066	5.20685
3067	5.06252
3068	4.79185
3069	4.95794
3070	5.04614
3071	5.06579
3072	4.80594
3073	4.98412
3074	4.91205
3075	4.78614
3076	4.83302
3077	5.07025
3078	4.81787
3079	4.94356
3080	5.00155
3081	4.69172
3082	5.31811
3083	4.8183
3084	4.98634
3085	4.84139
3086	4.77096
3087	4.70601
3088	4.73521
3089	4.56753
3090	4.76858
3091	4.67964
3092	4.74617
3093	4.73918
3094	4.93747
3095	4.7676
3096	5.13536
3097	5.03531
3098	5.01936
3099	5.22804
3100	5.07768
3101	4.98044
3102	4.97781
3103	5.02276
3104	5.17215
3105	5.07473
3106	4.67066
3107	4.45984
3108	4.83106
3109	4.54248
3110	4.60089
